0.0650859
0.0709159
0.0773084
0.0805771
0.0923119
0.0978878
0.101446
0.102729
0.108958
0.111051
0.112038
0.112318
0.119711
0.120173
0.121407
0.124261
0.125398
0.12956
0.129961
0.133667
0.140224
0.141147
0.143417
0.144126
0.144703
0.148562
0.148821
0.149256
0.15057
0.152633
0.153279
0.159989
0.162411
0.162515
0.16311
0.173896
0.176865
0.177447
0.179661
0.18194
0.182451
0.184443
0.184689
0.187466
0.190994
0.191013
0.19316
0.193218
0.194023
0.19463
0.195097
0.196289
0.199057
0.199518
0.203961
0.204963
0.205501
0.205682
0.206337
0.209168
0.210308
0.221821
0.222669
0.224693
0.226313
0.227636
0.230466
0.239161
0.239465
0.241619
0.2448
0.245152
0.248647
0.249167
0.249616
0.251707
0.252485
0.253322
0.255086
0.261275
0.262566
0.264858
0.266377
0.268124
0.275541
0.286795
0.286846
0.289686
0.297174
0.299961
0.302987
0.303275
0.304424
0.308988
0.314627
0.321163
0.322008
0.324242
0.325998
0.326007
0.32656
0.331542
0.333137
0.336554
0.340545
0.347939
0.352829
0.355515
0.359907
0.363694
0.364207
0.365498
0.366096
0.366976
0.369
0.370417
0.371439
0.379557
0.379582
0.381588
0.382103
0.385501
0.385752
0.387691
0.388626
0.391188
0.394533
0.396199
0.397579
0.398972
0.402579
0.403589
0.406948
0.410892
0.411283
0.413617
0.416783
0.419323
0.420673
0.424688
0.42643
0.427096
0.427207
0.432119
0.432759
0.434721
0.43479
0.435173
0.435968
0.440155
0.442316
0.443102
0.445774
0.445969
0.447798
0.455787
0.456917
0.458913
0.460348
0.461282
0.463779
0.471197
0.471773
0.472953
0.474291
0.478818
0.480691
0.481792
0.484167
0.487026
0.487159
0.491169
0.491672
0.501349
0.501592
0.50276
0.50296
0.506336
0.509494
0.513006
0.513771
0.514099
0.514125
0.515246
0.516042
0.520805
0.521186
0.521988
0.524263
0.525137
0.527753
0.52788
0.534892
0.535904
0.5365
0.537245
0.537478
0.538037
0.541043
0.542816
0.545926
0.548668
0.549387
0.550689
0.555955
0.557751
0.559018
0.561753
0.563204
0.564584
0.566189
0.567859
0.571617
0.574873
0.576482
0.579973
0.580338
0.581306
0.58443
0.592979
0.59388
0.59712
0.600268
0.600906
0.600917
0.602492
0.603249
0.613122
0.613157
0.613226
0.616061
0.61756
0.625358
0.625802
0.628776
0.629083
0.631274
0.632054
0.63827
0.638325
0.640085
0.640733
0.642465
0.643345
0.64342
0.645276
0.646776
0.651071
0.652328
0.653271
0.653549
0.655979
0.656605
0.660372
0.660996
0.663199
0.664323
0.665106
0.667383
0.667881
0.668882
0.671643
0.676533
0.6778
0.680957
0.684085
0.686396
0.689322
0.695322
0.696072
0.698582
0.699918
0.700042
0.701063
0.701564
0.70357
0.704859
0.706843
0.72097
0.721661
0.723743
0.724623
0.724657
0.725149
0.730549
0.733522
0.734309
0.737589
0.737595
0.737968
0.741099
0.743171
0.743627
0.743926
0.743977
0.744284
0.746794
0.747901
0.749239
0.749934
0.755169
0.761126
0.761239
0.764108
0.76502
0.767629
0.77663
0.776796
0.778542
0.779828
0.780119
0.78072
0.780927
0.782218
0.783283
0.784418
0.785876
0.786435
0.788369
0.78927
0.78932
0.792232
0.79229
0.79596
0.799737
0.802419
0.804611
0.807487
0.809227
0.811722
0.81285
0.813457
0.814257
0.815612
0.82121
0.821398
0.821526
0.821637
0.824787
0.824875
0.826077
0.828004
0.828488
0.828585
0.828685
0.830277
0.83128
0.834678
0.835084
0.837647
0.839595
0.842806
0.843477
0.843614
0.843813
0.845891
0.847916
0.852011
0.852899
0.854521
0.857487
0.858118
0.859331
0.860148
0.860525
0.862704
0.867262
0.868171
0.870837
0.875143
0.880989
0.887001
0.891217
0.892061
0.894213
0.894303
0.901716
0.903277
0.903836
0.905031
0.907386
0.907701
0.911197
0.912148
0.916179
0.917712
0.919902
0.922261
0.925904
0.928277
0.929128
0.932566
0.933111
0.935852
0.936161
0.938044
0.940356
0.942709
0.943435
0.944625
0.947274
0.956644
0.956746
0.957996
0.958693
0.96074
0.963475
0.963701
0.966397
0.973183
0.97361
0.974576
0.979568
0.979599
0.979628
0.985189
0.987667
0.991083
0.993749
0.994166
0.994186
0.995841
1.00321
1.00533
1.00552
1.00588
1.00718
1.00843
1.00851
1.00918
1.01046
1.01135
1.01325
1.01361
1.02096
1.02214
1.0271
1.0295
1.03095
1.033
1.03474
1.03619
1.03632
1.03863
1.03863
1.03951
1.04066
1.04104
1.04527
1.0462
1.04932
1.04981
1.05081
1.05415
1.0553
1.0555
1.05717
1.05766
1.05841
1.06012
1.06364
1.06483
1.06533
1.06817
1.06939
1.07617
1.07626
1.07793
1.07908
1.07947
1.07992
1.08053
1.08302
1.08317
1.08435
1.08438
1.08749
1.08811
1.09145
1.09153
1.09268
1.09366
1.09383
1.09509
1.09528
1.09535
1.09687
1.09749
1.09981
1.10022
1.10541
1.11215
1.11565
1.11677
1.118
1.11911
1.12271
1.12393
1.12465
1.12517
1.12725
1.12992
1.12997
1.13
1.13188
1.13376
1.13584
1.13698
1.13951
1.13964
1.14304
1.14504
1.14655
1.1498
1.15774
1.15914
1.16011
1.16077
1.1628
1.16772
1.16796
1.16833
1.16919
1.17441
1.17634
1.17886
1.18165
1.18287
1.18404
1.18491
1.18552
1.18591
1.18816
1.18924
1.19034
1.19142
1.19235
1.1956
1.19684
1.19787
1.19982
1.20437
1.20634
1.20764
1.20829
1.20842
1.20873
1.21243
1.21609
1.21762
1.21769
1.22052
1.22154
1.22276
1.22496
1.22502
1.22756
1.22992
1.23453
1.23784
1.24024
1.24123
1.24801
1.25287
1.25295
1.25608
1.26026
1.26198
1.26484
1.2661
1.26704
1.26879
1.27335
1.2742
1.2752
1.27678
1.27745
1.27799
1.28058
1.28132
1.28469
1.28569
1.28827
1.28972
1.28984
1.2916
1.29188
1.29252
1.29521
1.29527
1.29702
1.29804
1.30114
1.30158
1.30208
1.30302
1.30368
1.30556
1.30663
1.30847
1.31223
1.31497
1.31562
1.31693
1.3184
1.31923
1.31972
1.32301
1.32472
1.32523
1.32608
1.32721
1.33037
1.33071
1.33155
1.33161
1.33337
1.3356
1.33619
1.33691
1.33874
1.34152
1.34172
1.34284
1.34315
1.3442
1.3462
1.34734
1.35436
1.35463
1.3553
1.35539
1.35561
1.35921
1.36003
1.36089
1.36153
1.3635
1.3669
1.37145
1.37173
1.37174
1.37293
1.37736
1.37928
1.37965
1.38072
1.38083
1.38296
1.38886
1.39072
1.3933
1.39407
1.39493
1.3998
1.40082
1.40101
1.40552
1.40572
1.40642
1.4071
1.40725
1.40958
1.41106
1.41123
1.41152
1.4138
1.41897
1.41988
1.42151
1.42382
1.42613
1.42691
1.42763
1.42867
1.42938
1.42964
1.43091
1.43164
1.43325
1.43501
1.43541
1.43657
1.43691
1.43699
1.43791
1.43903
1.43965
1.44036
1.44055
1.44111
1.45
1.45081
1.45163
1.45536
1.45975
1.46062
1.46189
1.46635
1.46655
1.46664
1.46713
1.46736
1.47014
1.47072
1.4752
1.47523
1.47738
1.47782
1.48257
1.48258
1.48321
1.48399
1.48496
1.48673
1.48773
1.49026
1.49029
1.49322
1.49479
1.49675
1.49872
1.49897
1.50014
1.50075
1.50135
1.50149
1.50173
1.50398
1.50505
1.50532
1.50633
1.50742
1.50871
1.50959
1.5109
1.51226
1.51234
1.51236
1.51477
1.51477
1.51536
1.51737
1.51917
1.52246
1.52683
1.5285
1.52856
1.52887
1.53102
1.53371
1.53639
1.53781
1.54107
1.54108
1.54337
1.54678
1.54824
1.55109
1.55188
1.55325
1.55577
1.55887
1.56021
1.56153
1.56208
1.56232
1.56269
1.56324
1.56361
1.56422
1.56714
1.56751
1.56802
1.57095
1.571
1.57361
1.57634
1.57777
1.58404
1.58529
1.58596
1.58721
1.58834
1.58996
1.59225
1.5938
1.59946
1.60209
1.60419
1.6043
1.60477
1.60584
1.60733
1.608
1.61018
1.61265
1.61279
1.61386
1.61442
1.61532
1.61801
1.62182
1.62476
1.62502
1.62996
1.63242
1.63246
1.63355
1.63398
1.63571
1.63679
1.63992
1.64534
1.64982
1.66014
1.66411
1.67298
1.67651
1.67707
1.67781
1.67955
1.67995
1.6808
1.68097
1.68099
1.68384
1.68445
1.68452
1.68631
1.68653
1.6875
1.68858
1.68881
1.69431
1.69479
1.69989
1.7023
1.70322
1.70326
1.70422
1.70484
1.705
1.70509
1.70624
1.71135
1.71422
1.71432
1.71508
1.71786
1.71794
1.71897
1.72298
1.72893
1.73246
1.73537
1.73776
1.73828
1.73844
1.74382
1.74689
1.74818
1.75505
1.75949
1.7595
1.76031
1.76167
1.76605
1.76789
1.76846
1.77338
1.77825
1.78371
1.78404
1.78415
1.78868
1.79071
1.79325
1.79368
1.7977
1.7991
1.80017
1.80303
1.8092
1.81109
1.81336
1.8146
1.81735
1.82428
1.82827
1.83715
1.83885
1.84193
1.84404
1.84663
1.84952
1.84973
1.85695
1.86083
1.87541
1.87587
1.88226
1.88277
1.89219
1.89294
1.89985
1.90224
1.90381
1.90679
1.91064
1.91076
1.91365
1.9175
1.92284
1.92378
1.92621
1.92947
1.93029
1.93263
1.93466
1.93829
1.94147
1.94253
1.94279
1.94459
1.95128
1.95446
1.95548
1.95761
1.96163
1.97262
1.9745
1.97806
1.98038
1.98342
1.99076
1.99337
1.9951
2.00283
2.00664
2.02415
2.02668
2.02842
2.02864
2.03025
2.03557
2.03788
2.03943
2.04186
2.05375
2.07229
2.07618
2.08911
2.08945
2.09522
2.09876
2.10117
2.10551
2.10622
2.11414
2.12113
2.12248
2.13265
2.13395
2.13709
2.13954
2.15088
2.15275
2.1595
2.17418
2.18984
2.19517
2.19836
2.20127
2.2068
2.21029
2.22677
2.22902
2.23604
2.23942
2.23988
2.24151
2.24657
2.2477
2.25205
2.29637
2.29832
2.30303
2.32727
2.34283
2.39208
2.4009
2.40184
2.42479
2.42777
2.44427
2.57998
2.58078
2.58913
2.75829


444
222
242
243
232
424
413
344
534
313
523
312
414
434
213
435
133
314
533
244
524
321
443
212
123
353
342
231
412
425
331
132
543
335
343
223
522
325
221
345
214
143
532
122
442
341
422
453
421
322
354
431
224
233
234
324
544
253
352
423
134
445
513
542
124
235
334
225
441
241
315
454
332
311
452
432
142
144
245
113
254
433
252
303
512
514
531
411
415
535
215
323
521
114
403
211
304
525
302
112
633
203
135
553
131
125
623
541
351
336
121
330
355
402
404
333
632
204
545
153
552
33
326
634
202
320
451
554
622
430
145
643
23
455
624
436
141
236
255
420
251
34
154
511
230
363
426
152
226
340
346
32
642
515
24
220
503
115
644
43
22
463
440
305
613
301
362
111
364
446
103
246
263
502
44
240
316
504
310
401
42
462
631
405
612
13
464
205
551
614
530
104
201
635
264
621
262
102
410
555
416
536
216
520
625
136
14
35
155
653
210
526
12
151
126
641
25
130
31
540
563
350
645
356
120
652
21
361
654
546
53
365
146
450
45
163
501
562
505
456
564
733
461
140
611
256
41
250
465
54
105
510
615
723
52
265
603
261
516
164
101
162
732
116
15
337
734
306
300
722
110
743
11
327
602
3
724
604
437
651
400
237
630
406
206
550
742
655
427
4
227
200
744
347
620
636
2
373
561
556
713
626
565
36
156
55
150
473
447
51
26
640
663
165
247
372
30
374
161
712
731
273
317
714
646
20
735
721
360
472
366
601
662
474
725
664
46
605
500
63
417
537
274
753
272
217
506
460
610
137
40
741
106
527
466
5
616
266
127
260
745
64
100
1
752
62
16
754
357
573
547
10
371
147
375
711
457
173
650
715
572
257
703
574
471
661
656
475
517
560
665
275
271
117
174
172
566
702
56
307
704
50
166
833
65
751
730
160
61
755
823
407
736
207
720
600
832
637
606
834
726
557
822
627
571
843
338
37
157
824
763
740
575
6
328
27
746
0
673
175
842
438
171
701
647
762
238
844
764
705
367
428
813
228
348
370
47
710
376
672
383
674
507
73
716
107
467
470
660
812
617
831
267
448
476
814
483
248
835
666
276
270
382
384
318
821
17
74
283
72
825
853
66
482
750
484
418
538
60
841
218
761
282
284
756
138
845
528
852
765
657
854
128
671
675
570
358
567
57
576
811
548
583
167
815
148
803
381
176
385
75
458
170
700
71
258
183
737
582
706
584
481
518
607
485
727
802
804
118
285
281
184
182
308
7
851
830
773
855
747
836
820
408
208
826
772
774
638
377
558
863
840
760
628
717
933
158
38
581
846
766
585
477
923
28
801
670
862
667
277
864
805
676
683
932
648
185
181
934
810
368
922
67
943
816
924
48
380
76
386
508
682
684
70
339
757
83
468
108
771
618
268
942
480
329
775
944
486
18
913
286
439
280
84
239
82
850
577
429
229
861
349
856
177
912
865
393
931
914
935
707
921
658
449
249
925
493
