inPts = {
{-95.9082688,-95.8747104,-95.9452371,-95.9559921,-96.0233019,-96.0324123,-96.1926715,-96.2925041,-96.4344944,-96.6099703,-96.9567198,-97.2815471,-97.6671550,-98.3693204,-99.2922465,-100.4613193,-102.0218529,-103.9597881,-106.1471417,-108.7372741,-111.6624229,-115.0365681,-118.9767426,-123.4575903,-128.6265266,-134.4033988,-140.9027600,-148.5295703,-155.7540445,-163.8252600,-172.4327856,-181.2996149,-190.6963846,-200.3685783,-210.4464470,-221.1485244,-231.7740968,-242.8833941,-254.7383374,-267.4633663,-280.7810845,-294.7076345,-307.7970227,-320.0598394,-331.3162451,-342.4659543,-353.2502866,-364.0054433,-374.4715024,-384.2640579,-393.7259316,-402.4664971,-409.9437979,-417.1151508,-423.1971415,-428.8169547,-433.9433737,-438.4105196,-442.5564784,-446.1313366,-449.5748825,-452.6009544,-455.3093479,-457.6217950,-459.6557671,-461.6443082,-463.1987135,-464.7572887,-466.2758762,-467.7248434,-469.1931821,-470.5165761,-471.8218475,-473.1332608,-474.2850726},
{17.3009342,17.3263571,17.3713359,17.4723311,17.5604366,17.7757417,17.6852915,17.7009312,17.7517015,17.7729024,17.9704611,18.0188090,18.1365785,18.2569592,18.3923821,18.4606736,18.6318292,18.7514949,18.9432898,19.0414188,19.2013731,19.4171234,19.7040376,20.0947227,20.7430425,21.6250055,22.5993136,23.6041011,24.6970296,25.8965897,26.8984767,27.8575022,28.8612817,29.9428020,31.0884327,32.2672130,33.6925397,35.3412268,37.5194802,40.2162880,43.1484805,46.3423838,49.4897812,52.0449228,54.1559148,55.7069873,57.7182546,60.1711278,63.0808330,66.0037759,69.2237607,72.1876900,74.7497193,77.1218977,78.7799574,80.3798764,81.8538673,83.2368772,84.6747294,86.1333020,87.6121321,89.0803824,90.5537918,92.0071204,93.5913884,95.2991678,97.1426719,98.8888522,100.7827246,102.3840192,104.0716252,105.6870811,107.4920651,109.2917872,110.9835210},
{-348.3138219,-348.0499346,-347.7670250,-347.5630806,-347.2651128,-347.1169584,-346.8087301,-346.6610586,-346.5231124,-346.4040968,-346.3973634,-346.2407149,-346.1439943,-346.2969264,-346.3039290,-346.5266980,-346.7229643,-347.1481692,-347.4800261,-347.7956682,-348.2789695,-348.5998298,-349.0025892,-349.3481728,-349.9128712,-350.3432642,-350.9337979,-351.4249613,-351.6189735,-352.0540415,-352.3799866,-352.6819840,-352.8772192,-353.0270774,-353.1125106,-353.4697352,-353.6787878,-353.8749388,-354.0428520,-354.2423485,-354.1231311,-353.4800233,-352.7241763,-351.9940925,-351.0642340,-350.3232963,-349.6336266,-348.8388854,-347.8828090,-346.9160699,-345.8564344,-345.0582867,-344.4892585,-343.9588513,-343.7257426,-343.6129234,-343.6126222,-343.7571637,-344.0092467,-344.3350921,-344.7306706,-345.2209933,-345.8429667,-346.6217110,-347.5948869,-348.5816618,-349.8464851,-350.7976132,-351.9553472,-352.7205393,-353.4277566,-353.9316063,-354.3595506,-354.4896030,-354.4869192}
};
outPts = {
{-95.8564190,-95.8254837,-95.8990833,-95.9184743,-95.9925410,-96.0199662,-96.1711506,-96.2716254,-96.4170958,-96.5931506,-96.9539353,-97.2805433,-97.6732999,-98.3807660,-99.3083485,-100.4748041,-102.0381939,-103.9715526,-106.1585479,-108.7358662,-111.6502754,-115.0140426,-118.9437265,-123.4181149,-128.5980220,-134.4030151,-140.9314952,-148.5755643,-155.8305642,-163.9321582,-172.5335561,-181.3794809,-190.7438859,-200.3806462,-210.4146753,-221.0528548,-231.6398012,-242.7223587,-254.6029520,-267.4051726,-280.8120170,-294.8425589,-308.0423190,-320.3167469,-331.5148195,-342.4641130,-353.1278509,-363.8350501,-374.3497586,-384.2121001,-393.8195194,-402.6697153,-410.2231298,-417.4179695,-423.3785382,-428.8694371,-433.8424457,-438.1699089,-442.2008480,-445.7207397,-449.1029017,-452.1040526,-454.8208569,-457.1904314,-459.3810813,-461.5689157,-463.4972323,-465.3675076,-467.2593914,-468.9016621,-470.4698362,-471.6662726,-472.3551610,-472.3454077,-472.0847813},
{17.9084944,17.9058560,17.9121342,17.9137888,17.9201110,17.9224528,17.9353705,17.9439631,17.9564145,17.9715009,18.0024757,18.0305842,18.0644708,18.1257448,18.2065391,18.3088715,18.4472995,18.6204914,18.8190598,19.0566594,19.3299782,19.6515094,20.0352911,20.4828548,21.0149020,21.6286765,22.3407949,23.2036263,24.0511669,25.0302190,26.1070192,27.2543062,28.5127397,29.8548876,31.3032932,32.8960323,34.5401128,36.3252252,38.3132247,40.5440363,42.9824525,45.6517845,48.2792297,50.8304174,53.2552998,55.7233444,58.2272767,60.8507222,63.5454459,66.1929299,68.8991011,71.5197961,73.8689609,76.2190778,78.2631703,80.2376355,82.1148134,83.8294896,85.5072337,87.0478163,88.6077103,90.0707965,91.4734214,92.7712574,94.0476284,95.4151550,96.7202308,98.1065787,99.6822978,101.2723573,103.1480030,105.1531410,107.4195552,109.1715779,110.2267438},
{1.0000000,1.0000000,1.0000000,1.0000000,1.0000000,1.0000000,1.0000000,1.0000000,1.0000000,1.0000000,1.0000000,1.0000000,1.0000000,1.0000000,1.0000000,1.0000000,1.0000000,1.0000000,1.0000000,1.0000000,1.0000000,1.0000000,1.0000000,1.0000000,1.0000000,1.0000000,1.0000000,1.0000000,1.0000000,1.0000000,1.0000000,1.0000000,1.0000000,1.0000000,1.0000000,1.0000000,1.0000000,1.0000000,1.0000000,1.0000000,1.0000000,1.0000000,1.0000000,1.0000000,1.0000000,1.0000000,1.0000000,1.0000000,1.0000000,1.0000000,1.0000000,1.0000000,1.0000000,1.0000000,1.0000000,1.0000000,1.0000000,1.0000000,1.0000000,1.0000000,1.0000000,1.0000000,1.0000000,1.0000000,1.0000000,1.0000000,1.0000000,1.0000000,1.0000000,1.0000000,1.0000000,1.0000000,1.0000000,1.0000000,1.0000000}
};
fixedThetas = {
{3.4907594,0.3492816,0.3490083,0.3489363,0.3486612,0.3485594,0.3479981,0.3476251,0.3470851,0.3464318,0.3450934,0.3438823,0.3424265,0.3398061,0.3363738,0.3320631,0.3262949,0.3191762,0.3111423,0.3016993,0.2910523,0.2788026,0.2645420,0.2483662,0.2297152,0.2089008,0.1855905,0.1584110,0.1327102,0.1040977,0.0737951,0.0426824,0.0097695,-0.0241124,-0.0594454,-0.0970156,-0.1345700,-0.1741202,-0.2168645,-0.2634263,-0.3128759,-0.3655506,-0.4161536,-0.4643024,-0.5093160,-0.5545062,-0.5998264,-0.6468575,-0.6948031,-0.7416617,-0.7894167,-0.8356290,-0.8771065,-0.9187262,-0.9550858,-0.9903976,-1.0241876,-1.0552756,-1.0859353,-1.1143289,-1.1433438,-1.1708298,-1.1974544,-1.2223539,-1.2471128,-1.2739669,-1.2999398,-1.3279360,-1.3603171,-1.3936670,-1.4339917,-1.4784556,-1.5307016,-1.5728069,-1.5990078}
};
speed = {
{-3.1414778,-0.0002733,-0.0000720,-0.0002751,-0.0001018,-0.0005613,-0.0003730,-0.0005399,-0.0006533,-0.0013384,-0.0012111,-0.0014557,-0.0026204,-0.0034323,-0.0043107,-0.0057682,-0.0071187,-0.0080339,-0.0094430,-0.0106471,-0.0122497,-0.0142605,-0.0161758,-0.0186510,-0.0208144,-0.0233103,-0.0271795,-0.0257008,-0.0286124,-0.0303026,-0.0311127,-0.0329129,-0.0338819,-0.0353330,-0.0375701,-0.0375545,-0.0395502,-0.0427442,-0.0465618,-0.0494496,-0.0526747,-0.0506031,-0.0481488,-0.0450135,-0.0451903,-0.0453202,-0.0470310,-0.0479457,-0.0468585,-0.0477550,-0.0462123,-0.0414776,-0.0416197,-0.0363596,-0.0353118,-0.0337899,-0.0310881,-0.0306596,-0.0283936,-0.0290149,-0.0274860,-0.0266247,-0.0248995,-0.0247589,-0.0268540,-0.0259730,-0.0279961,-0.0323811,-0.0333499,-0.0403247,-0.0444638,-0.0522460,-0.0421053,-0.0262008}
};
acceleration = {
{3.1412044,0.0002013,-0.0002030,0.0001732,-0.0004595,0.0001883,-0.0001670,-0.0001134,-0.0006851,0.0001273,-0.0002446,-0.0011647,-0.0008119,-0.0008784,-0.0014575,-0.0013505,-0.0009151,-0.0014091,-0.0012041,-0.0016026,-0.0020108,-0.0019153,-0.0024752,-0.0021634,-0.0024960,-0.0038692,0.0014787,-0.0029116,-0.0016902,-0.0008101,-0.0018002,-0.0009690,-0.0014511,-0.0022371,0.0000157,-0.0019957,-0.0031940,-0.0038176,-0.0028878,-0.0032251,0.0020716,0.0024543,0.0031352,-0.0001767,-0.0001299,-0.0017109,-0.0009146,0.0010872,-0.0008965,0.0015427,0.0047347,-0.0001421,0.0052601,0.0010477,0.0015219,0.0027019,0.0004284,0.0022660,-0.0006213,0.0015290,0.0008613,0.0017252,0.0001405,-0.0020951,0.0008810,-0.0020232,-0.0043850,-0.0009688,-0.0069748,-0.0041391,-0.0077822,0.0101407,0.0159045}
};
jerk = {
{-3.1410031,-0.0004044,0.0003762,-0.0006327,0.0006478,-0.0003553,0.0000536,-0.0005717,0.0008124,-0.0003719,-0.0009200,0.0003528,-0.0000666,-0.0005791,0.0001070,0.0004354,-0.0004940,0.0002050,-0.0003985,-0.0004082,0.0000956,-0.0005599,0.0003118,-0.0003326,-0.0013732,0.0053478,-0.0043903,0.0012214,0.0008801,-0.0009901,0.0008311,-0.0004821,-0.0007860,0.0022528,-0.0020114,-0.0011983,-0.0006235,0.0009297,-0.0003373,0.0052967,0.0003827,0.0006809,-0.0033120,0.0000468,-0.0015810,0.0007962,0.0020018,-0.0019837,0.0024393,0.0031920,-0.0048768,0.0054022,-0.0042124,0.0004742,0.0011800,-0.0022735,0.0018376,-0.0028874,0.0021503,-0.0006677,0.0008639,-0.0015846,-0.0022356,0.0029761,-0.0029042,-0.0023619,0.0034162,-0.0060060,0.0028356,-0.0036431,0.0179229,0.0057638}
};
CMakeFiles/EllipseFit.dir/build.make:182: recipe for target 'CMakeFiles/EllipseFit.dir/EllipseFit.o' failed
make[2]: *** [CMakeFiles/EllipseFit.dir/EllipseFit.o] Terminated
CMakeFiles/Makefile2:67: recipe for target 'CMakeFiles/EllipseFit.dir/all' failed
make[1]: *** [CMakeFiles/EllipseFit.dir/all] Terminated
Makefile:83: recipe for target 'all' failed
make: *** [all] Terminated
